7
-415 -364
-145 -355
-247 -106
-210 -523
-571 -26
324 -164
245 -96
-415 -364 -210 -523 259.434
-210 -523 -415 -364 259.434
324 -164 -247 -106 573.938
-247 -106 324 -164 573.938
-145 -355 324 -164 506.401
324 -164 -145 -355 506.401
-145 -355 245 -96 468.168
245 -96 -145 -355 468.168
245 -96 -210 -523 623.982
-210 -523 245 -96 623.982
-210 -523 324 -164 643.457
324 -164 -210 -523 643.457
324 -164 -571 -26 905.577
-571 -26 324 -164 905.577
-145 -355 -571 -26 538.254
-571 -26 -145 -355 538.254
-145 -355 -247 -106 269.082
-247 -106 -145 -355 269.082
-145 -355 -415 -364 270.15
-415 -364 -145 -355 270.15
324 -164 245 -96 104.235
245 -96 324 -164 104.235
-415 -364 -571 -26 372.263
-571 -26 -415 -364 372.263
-145 -355 -210 -523 180.136
-210 -523 -145 -355 180.136
-415 -364 245 -96 712.337
245 -96 -415 -364 712.337
-571 -26 -210 -523 614.272
-210 -523 -571 -26 614.272
-571 -26 245 -96 818.997
245 -96 -571 -26 818.997
